   0.0000000e+00   0.0000000e+00   0.0000000e+00   0.0000000e+00   0.0000000e+00   0.0000000e+00
   1.3922452e-02  -3.0065840e-02   1.5938326e-02  -1.4848394e-03   8.6459469e-04   6.6195774e-04
   1.6927338e-02  -1.0113741e-01   1.7858496e-02  -2.1285794e-03   1.1245894e-03   1.0986994e-03
   2.4413571e-02  -7.4948604e-02   1.5082791e-02  -2.5493703e-03   1.3074829e-03   1.0482348e-03
   1.4750931e-02  -1.1921741e-01   1.8145482e-02  -2.4922267e-03   1.1651022e-03   1.0785913e-03
   2.0628223e-02  -7.4400396e-02   6.8615759e-03  -2.4078858e-03   1.2545712e-03   1.1947777e-03
   2.6468733e-02  -2.2824035e-01  -2.9225974e-02  -4.2962619e-03   1.7985416e-03   1.8814302e-03
   3.9685848e-02  -1.3951165e-01  -9.7200316e-03  -4.0678377e-03   2.0403162e-03   1.7160643e-03
   5.2344382e-02  -1.7293580e-01  -3.8424498e-02  -3.1164478e-03   2.2278014e-03   1.9164467e-03
   5.4148072e-02  -1.3277703e-01  -3.4362248e-02  -3.8949988e-03   2.2830296e-03   1.9242293e-03
   6.0915012e-02  -1.9118138e-01  -5.2937334e-02  -3.7797320e-03   2.3497451e-03   2.0978174e-03
   7.0579124e-02  -1.3536339e-01  -4.7998849e-02  -4.1089084e-03   2.9059999e-03   2.2539552e-03
   7.7552598e-02  -2.4524307e-01  -1.0433928e-01  -4.9675504e-03   3.1358799e-03   2.3615524e-03
   1.0545998e-01  -2.1106776e-01  -1.0286375e-01  -5.2609215e-03   3.8186874e-03   2.4611301e-03
   1.0692362e-01  -2.1413345e-01  -1.1832869e-01  -5.7319480e-03   3.9112149e-03   2.4763582e-03
   1.0786991e-01  -2.0457966e-01  -9.3866469e-02  -5.7357660e-03   4.1540186e-03   2.3927637e-03
   1.2941488e-01  -2.1507844e-01  -9.6653342e-02  -6.3633991e-03   4.4145044e-03   2.2867925e-03
   1.3535321e-01  -2.1524628e-01  -6.5025970e-02  -6.4801805e-03   4.5815363e-03   2.0664403e-03
   1.5371652e-01  -2.6395528e-01  -6.7295099e-02  -7.1291433e-03   4.7786658e-03   1.9395197e-03
   1.7512432e-01  -2.9865192e-01  -1.6415231e-01  -7.8215152e-03   5.3007128e-03   1.8003283e-03
   1.6585994e-01  -2.7706940e-01  -2.5294748e-01  -6.8398528e-03   4.9678280e-03   1.9814562e-03
   1.6654445e-01  -2.9559561e-01  -1.7826049e-01  -7.5490294e-03   5.0123726e-03   2.2339242e-03
   1.4344220e-01  -2.3016293e-01  -1.0528640e-01  -7.3970704e-03   4.3284015e-03   2.1591612e-03
   1.4471806e-01  -3.3962528e-01  -9.8547567e-02  -8.0992614e-03   4.5635234e-03   2.4907347e-03
   1.0292931e-01   4.8974558e-02   1.9941982e-01   7.4651854e-05   5.2601115e-03   2.5448362e-03
   8.3075717e-02  -2.9507173e-01  -3.6725110e-01  -3.1258452e-03   5.1722930e-03   3.0752929e-03
   1.1419085e-01  -1.5242754e-01  -7.4426934e-02  -4.8941117e-03   5.9119866e-03   2.5435430e-03
   1.3680317e-01  -3.1260005e-01  -7.1361812e-02  -5.1905499e-03   5.7597279e-03   3.1466251e-03
   1.4721363e-01  -3.0356788e-01  -1.0069245e-01  -6.6862689e-03   5.6294553e-03   3.1047199e-03
   1.4153518e-01  -3.6078144e-01  -8.8659127e-02  -6.9076969e-03   5.5814775e-03   3.5774268e-03
   1.4269309e-01  -3.2174826e-01  -1.1069228e-01  -7.2540660e-03   5.7797276e-03   3.9513091e-03
   1.2689408e-01  -3.8263294e-01  -1.2351738e-01  -8.2813279e-03   5.4244183e-03   4.0596150e-03
   1.5473891e-01  -4.2207333e-01  -1.4479451e-01  -8.6617051e-03   5.5968025e-03   4.0082485e-03
   1.6446352e-01  -3.5298447e-01  -1.1637150e-01  -8.9209847e-03   5.8389144e-03   3.9240194e-03
   1.7879446e-01  -4.4878590e-01  -1.0191508e-01  -1.0061191e-02   6.1696881e-03   3.9805397e-03
   2.1374052e-01  -4.5956256e-01  -2.1395900e-01  -1.0454539e-02   6.6220313e-03   3.8827208e-03
   1.8017482e-01  -5.1163009e-01  -4.9756236e-01  -1.0633277e-02   5.6622550e-03   3.9183989e-03
   1.8059568e-01  -5.1602532e-01  -3.2332899e-01  -1.1592968e-02   5.6541237e-03   3.9707164e-03
   1.7733149e-01  -4.6491554e-01  -2.1825067e-01  -1.2331240e-02   5.5927855e-03   3.9459156e-03
   1.6870724e-01  -5.9725993e-01  -2.5047059e-01  -1.3294211e-02   5.3077012e-03   4.0505310e-03
   1.7131046e-01  -5.2239315e-01  -2.0615237e-01  -1.3342856e-02   5.3212006e-03   3.9272245e-03
   1.6999545e-01  -5.3485830e-01  -1.2706074e-01  -1.1939445e-02   5.1800890e-03   3.8648924e-03
   1.6201012e-01  -3.6930906e-01  -1.3866414e-01  -9.7320085e-03   5.8432655e-03   3.9391359e-03
   1.6510407e-01  -3.3038472e-01  -1.4309280e-01  -6.7010418e-03   5.4970956e-03   3.8959678e-03
   1.4760747e-01  -3.4253454e-01  -1.4665353e-01  -7.9912254e-03   5.3229551e-03   3.6830632e-03
   1.7540898e-01  -2.4185791e-01  -7.0287997e-02  -6.1099570e-03   5.5572779e-03   4.4145688e-03
   1.8244415e-01  -3.5736098e-01  -1.3765565e-01  -7.4014748e-03   5.7422548e-03   4.4545229e-03
   1.6648686e-01  -3.6756371e-01  -1.1498915e-01  -8.2033352e-03   5.4056968e-03   4.3278590e-03
   1.8484586e-01  -4.4515805e-01  -1.0737520e-01  -9.2565358e-03   5.7935497e-03   4.8729762e-03
   1.9190066e-01  -5.3979359e-01  -1.3513765e-01  -1.2216328e-02   5.6205353e-03   5.4810973e-03
   1.9469427e-01  -5.7447422e-01  -1.3297317e-02  -1.2419039e-02   5.6979901e-03   5.2280164e-03
   2.3206965e-01  -6.3320436e-01  -1.8839013e-01  -1.4082709e-02   6.2921768e-03   5.3888400e-03
   3.2670612e-02  -6.3127296e-01  -9.4676486e-01  -1.0784959e-02   1.2288873e-03   3.5608301e-03
  -2.0992005e-01  -7.1176918e-01  -6.2605258e-01  -1.5500064e-02  -2.7579345e-03   3.1311555e-03
  -1.6070266e-01  -5.5734063e-01  -1.2227681e-02  -1.5190421e-02  -1.7255893e-03   3.3037066e-03
  -1.1103086e-01  -6.7177033e-01   1.0007665e-01  -1.4963425e-02  -8.2914284e-04   3.4482750e-03
  -1.0620487e-01  -7.6747267e-01  -3.7399733e-02  -1.6003584e-02  -7.5382345e-04   4.6089229e-03
  -9.9827067e-02  -7.5457420e-01  -1.7047261e-02  -1.7112157e-02  -7.9142022e-04   4.2414138e-03
  -9.1243931e-02  -8.4111422e-01  -9.5660724e-03  -1.7669239e-02  -6.2212340e-04   4.1324498e-03
  -8.3494108e-02  -8.1004844e-01   1.2939558e-02  -1.8413665e-02  -7.8821035e-04   3.8692901e-03
  -8.2620872e-02  -8.5347224e-01  -6.6899652e-03  -1.8356271e-02  -5.8431467e-04   4.0723522e-03
  -5.6487906e-02  -8.2707030e-01  -1.3219175e-02  -1.8365499e-02  -1.6450044e-04   3.7744966e-03
  -8.1750270e-02  -8.4665131e-01  -2.7428614e-03  -1.8297585e-02  -6.6467155e-04   3.8190283e-03
  -1.0001106e-01  -9.0531817e-01  -4.4775893e-02  -1.9041168e-02  -7.4133337e-04   3.9363886e-03
  -1.0337956e-01  -8.7413622e-01  -6.6252864e-03  -1.9436050e-02  -8.0306453e-04   4.1061413e-03
  -7.6765013e-02  -8.5963182e-01  -6.6442097e-02  -1.6931144e-02   4.3920942e-04   3.5863403e-03
  -3.9281366e-02  -6.8408746e-01   6.0279458e-01  -1.8629536e-02   1.7966947e-03   4.3729467e-03
  -7.1888119e-02  -5.7658341e-01  -3.1928751e-01  -1.0709254e-02  -1.1493652e-03   1.8727715e-03
   8.0748990e-02  -9.7379563e-01  -5.1889802e-01  -2.6287073e-02   1.6502269e-04   1.2752018e-03
   1.0604740e-01  -1.0545956e+00  -4.3143851e-01  -2.4214095e-02   1.7189070e-03   1.4595047e-03
   5.5205110e-02  -9.1643914e-01  -2.9306354e-01  -2.1476891e-02   1.9886910e-03   2.3620329e-03
   3.0148105e-02  -9.7933150e-01  -2.8403072e-01  -2.2312422e-02   1.1470457e-03   2.2715718e-03
   6.9297193e-02  -7.0832057e-01  -3.5597435e-01  -1.8533143e-02   1.2489663e-03   1.6952770e-03
   1.2676036e-01  -1.1066214e+00  -5.2032179e-01  -2.4932737e-02   2.1857572e-03   1.6675076e-03
   1.2758545e-01  -1.1691857e+00  -5.1938345e-01  -2.4429307e-02   2.3235423e-03   2.1446091e-03
   1.4090294e-01  -1.0095603e+00  -5.1847296e-01  -2.3587394e-02   2.4721868e-03   2.0415286e-03
   1.3902929e-01  -1.0924685e+00  -5.2770175e-01  -2.4341074e-02   2.6909342e-03   2.3290463e-03
   1.5363053e-01  -1.0579856e+00  -5.0294803e-01  -2.3736413e-02   2.9230171e-03   2.2420430e-03
   1.7288533e-01  -1.0655117e+00  -4.9449308e-01  -2.3431044e-02   2.9573603e-03   2.0642757e-03
   2.0294536e-01  -1.0349915e+00  -4.9237262e-01  -2.3427650e-02   3.5070923e-03   2.4037372e-03
   1.8657730e-01  -1.0248054e+00  -4.2226510e-01  -2.3057648e-02   3.7110646e-03   2.5724092e-03
  -8.4444890e-02   4.6321469e-01  -3.8843845e-01   4.5566387e-03  -1.1759664e-03   1.7555896e-03
   6.2522985e-02  -1.1359332e+00  -5.9163036e-01  -2.9113706e-02   5.2363008e-05   5.9970156e-04
   5.0765227e-02  -8.8160631e-01  -1.4273060e-01  -2.2745538e-02   4.2919089e-04   1.1189626e-03
   1.1506599e-01  -9.6689160e-01  -7.6748388e-03  -2.2088560e-02   1.6993539e-03   2.4785640e-03
   1.9336828e-01  -1.0502932e+00  -1.1251432e-02  -2.2182082e-02   2.9348702e-03   3.3920241e-03
   1.5877028e-01  -1.0031454e+00   1.8001784e-02  -2.1800464e-02   2.2773335e-03   3.3606400e-03
   1.2508231e-01  -1.0389792e+00   7.5890466e-02  -2.2051658e-02   2.0857315e-03   3.5520615e-03
   1.4106247e-01  -1.0641487e+00   1.1612266e-01  -2.3523788e-02   2.3442497e-03   4.0081792e-03
   1.8129472e-01  -1.1736457e+00   7.6388183e-02  -2.5211044e-02   2.8410423e-03   4.0145080e-03
   1.6370342e-01  -1.0762833e+00   7.2159468e-02  -2.3362560e-02   2.7403769e-03   4.2623878e-03
   1.7352176e-01  -1.1041631e+00   7.0554769e-02  -2.3105187e-02   3.2204453e-03   4.4822971e-03
   1.9403210e-01  -1.0340635e+00   1.2690897e-01  -2.2626975e-02   3.4456157e-03   4.4732712e-03
   1.8549344e-01  -1.0839539e+00   1.6708649e-01  -2.2108311e-02   3.4226361e-03   4.4016605e-03
   2.0754882e-01  -1.0227299e+00   1.6697193e-01  -2.2822245e-02   3.6312589e-03   4.2133662e-03
   2.3402753e-01  -1.1719888e+00  -9.2590790e-02  -2.3529778e-02   3.9891066e-03   4.1462378e-03
   2.5895819e-01  -1.0164752e+00  -2.0599556e-01  -2.1674026e-02   4.3316848e-03   3.6294758e-03
   2.7043150e-01  -1.0460754e+00  -1.4659798e-01  -2.1737520e-02   4.5172501e-03   3.9293929e-03
   2.5197966e-01  -1.0052020e+00   3.7622442e-02  -2.1836508e-02   4.2432853e-03   3.8390012e-03
   2.6462784e-01  -9.5858935e-01   9.3357988e-02  -2.2338669e-02   4.2703605e-03   4.2305857e-03
   3.0644438e-01  -1.0571558e+00   8.0198413e-02  -2.1581240e-02   5.4798365e-03   4.4582455e-03
   3.0847411e-01  -9.8155175e-01   1.0986671e-01  -2.0159793e-02   5.2994351e-03   4.4522768e-03
   2.8575437e-01  -9.5170954e-01   1.5080629e-01  -1.8645317e-02   5.0249792e-03   4.4814567e-03
   3.1303100e-01  -9.2483585e-01   2.8207948e-01  -2.0929934e-02   5.4744219e-03   4.4848450e-03
   3.7145666e-01  -1.0823779e+00   1.5514700e-01  -2.2001201e-02   6.8508618e-03   5.0049356e-03
   3.3324054e-01  -1.0347966e+00   2.1841615e-01  -2.1051727e-02   6.3041454e-03   5.1174250e-03
   3.4280527e-01  -1.0127578e+00   1.6819366e-01  -2.1057050e-02   6.5121734e-03   5.3205809e-03
   3.7497778e-01  -9.6929699e-01  -2.2607706e-01  -1.9101719e-02   6.5997456e-03   5.1629434e-03
   3.4346090e-01  -8.8849603e-01  -1.8839552e-02  -1.8859136e-02   6.0053989e-03   5.1296866e-03
   3.6237036e-01  -8.9056808e-01   1.3959433e-01  -2.0168949e-02   6.3900454e-03   5.3342078e-03
   3.5902355e-01  -9.9179554e-01   1.3799237e-01  -2.0304851e-02   6.3380881e-03   5.3077182e-03
   3.5766258e-01  -9.6008843e-01   1.2020657e-01  -2.0670129e-02   6.3313786e-03   5.3191775e-03
   3.4142370e-01  -1.0017147e+00   1.5022770e-01  -2.0525021e-02   6.3005394e-03   5.4491720e-03
   3.4347677e-01  -8.9480449e-01   1.7624458e-01  -1.8912032e-02   6.1395824e-03   5.3271441e-03
   3.2984064e-01  -8.4726258e-01   2.4436003e-01  -1.6303178e-02   6.1465619e-03   5.4961005e-03
   3.5441865e-01  -8.4463571e-01   2.1345492e-01  -1.8133934e-02   6.2921943e-03   5.3724481e-03
   3.6541805e-01  -9.2981103e-01   1.6829373e-01  -1.8674772e-02   6.4890737e-03   5.1150133e-03
   3.7530153e-01  -8.6190533e-01   1.7061877e-01  -1.8322502e-02   6.5529567e-03   4.8655889e-03
   3.3734379e-01  -9.0862420e-01   2.0192599e-01  -1.8041317e-02   6.0427199e-03   4.9469764e-03
   3.0513371e-01  -8.1904172e-01   1.8173700e-01  -1.7616398e-02   6.3861208e-03   4.8141545e-03
   2.4441097e-01  -7.3951939e-01   3.7887186e-01  -1.7925400e-02   6.4148053e-03   7.0971864e-03
   3.2881981e-01  -9.2320683e-01   2.2700097e-01  -1.9687629e-02   7.1069321e-03   6.1264030e-03
   3.4991861e-01  -9.6948321e-01   6.2670986e-02  -2.1065905e-02   6.5033913e-03   5.2026163e-03
   3.6544386e-01  -9.3093916e-01   8.6554078e-02  -1.8984703e-02   6.9625689e-03   5.4551972e-03
   3.4357005e-01  -9.0247909e-01   1.3080311e-01  -2.0172962e-02   7.2349678e-03   6.4372941e-03
   3.4501439e-01  -1.0112011e+00   5.5217247e-02  -2.0244863e-02   6.7575257e-03   5.4703924e-03
   3.4057930e-01  -9.8341194e-01  -7.4969325e-03  -2.0303019e-02   6.4440022e-03   5.5172785e-03
   3.6833474e-01  -9.4326471e-01   3.3262287e-02  -1.9510903e-02   6.8569332e-03   5.4103444e-03
   3.6272483e-01  -9.4418292e-01   3.7369697e-02  -1.8266181e-02   6.8677463e-03   5.7255745e-03
   3.6184468e-01  -8.7047326e-01   1.5886012e-02  -1.7685821e-02   6.9058249e-03   6.0727162e-03
   3.8864814e-01  -9.5897270e-01   2.9165801e-02  -1.7755969e-02   7.1592073e-03   6.6675786e-03
   3.9726995e-01  -9.0109726e-01   8.1135120e-02  -1.7469602e-02   7.2114880e-03   6.8039767e-03
   3.7589522e-01  -9.7295972e-01   6.5009787e-02  -1.7603885e-02   6.7940094e-03   6.7923935e-03
   3.7559516e-01  -9.6724440e-01   6.5398556e-02  -1.9126071e-02   6.9811344e-03   6.9076147e-03
   3.9185532e-01  -9.9504818e-01   7.9689725e-02  -1.9451024e-02   7.3596320e-03   6.8630051e-03
   3.7883414e-01  -8.3496800e-01   1.6039952e-01  -1.8314482e-02   7.1402882e-03   6.6611580e-03
   3.3047537e-01  -9.2508723e-01   2.1362037e-01  -1.8138747e-02   6.4545281e-03   6.3264652e-03
   3.1596203e-01  -8.0438828e-01   2.2478251e-01  -1.6359673e-02   6.8354299e-03   5.4536357e-03
   3.5327059e-01  -8.6727871e-01   2.3860747e-01  -1.7952386e-02   7.1046494e-03   5.4875005e-03
   3.5057858e-01  -9.1852383e-01   2.5118955e-01  -1.7666847e-02   6.9817697e-03   5.6059840e-03
   3.7543696e-01  -8.4077959e-01   2.1650689e-01  -1.6663756e-02   7.2748670e-03   6.2504388e-03
   4.0901392e-01  -7.6171876e-01   1.8302442e-01  -1.5441703e-02   7.7499878e-03   6.0832050e-03
   4.3956690e-01  -8.2798009e-01   1.6204454e-01  -1.5009266e-02   8.8375346e-03   6.1214565e-03
   3.7149331e-01  -6.6654388e-01   1.8550216e-01  -1.1879430e-02   7.2860551e-03   6.3286472e-03
   3.4478072e-01  -6.3476202e-01   2.2121787e-01  -1.0813781e-02   7.2946506e-03   6.0787145e-03
   3.5743694e-01  -6.7753185e-01   2.7065270e-01  -1.2309457e-02   7.9041727e-03   6.5119977e-03
   3.6653498e-01  -7.2193412e-01   2.2126052e-01  -1.2808454e-02   8.1247018e-03   6.7858374e-03
   3.7171692e-01  -6.8636627e-01   2.7177798e-01  -1.2859156e-02   8.3146156e-03   6.5119065e-03
   3.8668586e-01  -6.5025163e-01   1.6427422e-01  -1.2081756e-02   8.8674900e-03   6.5667206e-03
   3.1283467e-01  -6.0608791e-01   2.3654987e-01  -1.1846400e-02   7.1692643e-03   6.7373537e-03
   3.3420539e-01  -6.9069850e-01   3.0129976e-01  -1.2555305e-02   7.5283203e-03   6.8424508e-03
   3.4401060e-01  -6.7996385e-01   3.0006363e-01  -1.2237257e-02   7.8028777e-03   6.8495233e-03
   3.4349729e-01  -6.5230488e-01   3.4160509e-01  -1.2027212e-02   7.7105685e-03   6.9462069e-03
   3.0910705e-01  -6.7529318e-01   4.1519681e-01  -1.0606669e-02   7.0321664e-03   7.0939349e-03
   2.9064863e-01  -6.2584443e-01   4.3791087e-01  -1.1081357e-02   6.7729178e-03   7.4963661e-03
   2.9414863e-01  -6.5080728e-01   4.4627794e-01  -1.0619551e-02   6.6988512e-03   7.5224968e-03
   2.6995703e-01  -6.3482737e-01   4.2250752e-01  -1.0884786e-02   6.3651172e-03   7.6222944e-03
   2.5491156e-01  -6.4834025e-01   4.3663560e-01  -1.1242535e-02   5.7945657e-03   7.7317590e-03
   2.5283264e-01  -6.8969703e-01   3.7861233e-01  -1.1346074e-02   5.7688133e-03   7.6599022e-03
   2.5461691e-01  -6.0606748e-01   4.8974163e-01  -1.0169881e-02   5.8906726e-03   7.7888280e-03
